7 8
0 0 0 0 0 0 1 1
1 1 0 0 0 0 1 1
1 1 0 0 0 0 0 0
1 1 0 0 0 1 1 0
0 0 0 0 0 1 1 0
0 0 0 0 0 0 0 0
1 1 1 1 1 1 1 1
7 8
0 0 0 1 1 0 0 0
0 0 0 1 1 0 0 0
1 1 0 0 0 0 1 1
1 1 0 0 0 0 1 1
1 1 0 0 0 0 0 0
0 0 0 0 0 0 0 0
1 1 1 1 1 1 1 1
7 8
1 0 0 1 1 1 0 0
0 0 1 0 0 0 1 1
0 0 1 0 0 0 1 1
0 0 1 1 1 0 0 0
0 0 0 0 0 0 0 0
0 1 1 1 0 0 0 0
1 1 1 1 1 1 0 0
7 7
1 1 1 0 1 1 1
1 1 1 0 1 1 1
1 1 1 0 1 1 1
0 0 0 0 0 0 0
1 1 1 0 1 1 1
1 1 1 0 1 1 1
1 1 1 0 1 1 1
3 3
1 0 1
0 0 0
1 0 1
4 4
1 0 0 1
0 0 0 1
0 0 0 0
1 0 0 1