4 5 1
1 2
1 3
1 4
2 4
3 4
1 2 4 3
1 2 3 4

5 5 3
5 4
5 2
1 2
3 4
3 1
3 1 2 5 4
3 1 4 2 5

1000 1 1000
999 1000
1000 999
1000 999

5 3 3
1 2
2 1
4 5
3
3

5 5 1
1 2
1 3
2 4
4 3
4 5
1 2 4 3 5
1 2 3 4 5

4 3 1
1 2
1 3
1 4
1 2 3 4
1 2 3 4

5 3 1
1 5
3 5
5 2
1 5 2 3
1 5 2 3

5 4 1
2 3
3 4
4 5
5 2
1
1

4 5 1
1 2
1 3
1 4
2 4
3 4
1 2 4 3
1 2 3 4

5 6 1
1 3
1 5
3 5
3 4
3 2
2 4
1 3 2 4 5
1 3 5 2 4

11 10 1
1 2
1 3
1 4
1 5
1 6
1 7
1 8
1 9
1 10
1 11
1 2 3 4 5 6 7 8 9 10 11
1 2 3 4 5 6 7 8 9 10 11

3 2 1
1 3
2 1
1 2 3
1 2 3
