4 6
101111
101010
101011
111011
15

4 6
110110
110110
111111
111101
9

2 25
1011101110111011101110111
1110111011101110111011101
38

7 7
1011111
1110001
1000001
1000001
1000001
1000001
1111111
13

3 3
111
111
111
5

6 5
11111
00001
11111
11111
10000
11111
18

6 4
1111
0001
1111
1000
1111
0001
15

6 47
11111111111111111100011111111111111111111111111
11111111111111111111111111111111111111111111111
11111100000000001111110000000000000000000000000
11111111111100000000100000000000001111111111111
00000000000000000001111111111111111111111111111
11111111111111111111111111111111111111111111111
52
